<?xml version="1.0" encoding="UTF-8" standalone="no"?>
<!-- Created with Inkscape (http://www.inkscape.org/) -->

<svg
   width="285.32809mm"
   height="212.71019mm"
   viewBox="0 0 285.32809 212.71019"
   version="1.1"
   id="svg5"
   xml:space="preserve"
   inkscape:version="1.2.1 (0f2f062aeb, 2022-09-21, custom)"
   sodipodi:docname="abrazamotor-rotula"
   xmlns:inkscape="http://www.inkscape.org/namespaces/inkscape"
   xmlns:sodipodi="http://sodipodi.sourceforge.net/DTD/sodipodi-0.dtd"
   xmlns="http://www.w3.org/2000/svg"
   xmlns:svg="http://www.w3.org/2000/svg"><sodipodi:namedview
     id="namedview7"
     pagecolor="#ffffff"
     bordercolor="#000000"
     borderopacity="0.25"
     inkscape:showpageshadow="2"
     inkscape:pageopacity="0.0"
     inkscape:pagecheckerboard="0"
     inkscape:deskcolor="#d1d1d1"
     inkscape:document-units="mm"
     showgrid="false"
     showguides="true"
     inkscape:zoom="1.0708779"
     inkscape:cx="550.01602"
     inkscape:cy="444.02821"
     inkscape:window-width="1854"
     inkscape:window-height="1016"
     inkscape:window-x="66"
     inkscape:window-y="27"
     inkscape:window-maximized="1"
     inkscape:current-layer="layer3" /><defs
     id="defs2"><marker
       style="overflow:visible"
       id="Arrow1"
       refX="0"
       refY="0"
       orient="auto-start-reverse"
       inkscape:stockid="Arrow1"
       markerWidth="4.0606599"
       markerHeight="6.7071061"
       viewBox="0 0 4.0606602 6.7071068"
       inkscape:isstock="true"
       inkscape:collect="always"
       preserveAspectRatio="xMidYMid"><path
         style="fill:none;stroke:context-stroke;stroke-width:1;stroke-linecap:butt"
         d="M 3,-3 0,0 3,3"
         id="path5057"
         transform="rotate(180,0.125,0)"
         sodipodi:nodetypes="ccc" /></marker><clipPath
       clipPathUnits="userSpaceOnUse"
       id="clipPath1254"><path
         id="path1256"
         style="fill:#ff0000;fill-opacity:1;fill-rule:nonzero;stroke:none;stroke-width:0.264583"
         d="m 13.236401,37.959956 v 64.918004 h 34.44286 c -0.606801,-1.03449 0.100004,-2.53696 2.359027,-2.85151 0.338299,-0.0471 0.668637,-0.121244 0.99994,-0.203603 0.367067,-0.08171 0.715227,-0.225814 1.075904,-0.330211 0.504421,-0.165955 0.996895,-0.365315 1.506885,-0.51263 0.334049,-0.06583 0.668848,-0.11516 1.009239,-0.13126 0.207701,-0.02934 0.405096,-0.09525 0.607717,-0.149344 0.124698,-0.0122 0.236508,-0.08134 0.351398,-0.124539 0.380577,-0.168339 0.761206,-0.335762 1.139984,-0.507982 0.340003,-0.143835 0.681281,-0.286649 1.03456,-0.394806 0.368038,-0.136183 0.724519,-0.311237 1.114145,-0.382405 0.235696,-0.05759 0.46323,-0.146775 0.697116,-0.210325 0.354023,-0.143624 0.718291,-0.260072 1.064017,-0.423746 0.576402,-0.250209 1.171747,-0.447371 1.771467,-0.634069 0.587952,-0.17835 1.160243,-0.418745 1.776119,-0.491445 0.230174,-0.04312 0.460645,-0.09715 0.694015,-0.111104 0.276791,-0.103248 0.485222,-0.335322 0.701249,-0.525031 0.396894,-0.359957 0.801765,-0.71179 1.160135,-1.111562 0.469939,-0.49181 0.934984,-0.98766 1.392163,-1.491382 0.386718,-0.401413 0.745482,-0.829657 1.143085,-1.221113 0.302024,-0.31891 0.59622,-0.646502 0.90847,-0.954979 0.180833,-0.210865 0.367835,-0.426083 0.503847,-0.639755 0.22475,-0.382823 0.433734,-0.77334 0.62735,-1.173054 0.173162,-0.336873 0.359143,-0.668097 0.509014,-1.01596 0.198768,-0.469784 0.453816,-0.903187 0.718301,-1.337903 0.03881,-0.06693 0.07545,-0.135109 0.111107,-0.203605 -0.0569,-0.398655 -0.08255,-0.819293 -0.09819,-0.977201 -0.114594,-3.226954 0.399277,-6.431039 0.902787,-9.607166 0.150281,-0.860719 0.307909,-1.720128 0.469739,-2.578653 -0.570807,-0.07432 -1.121553,-0.259758 -1.682583,-0.389123 0.006,-0.04209 0.01296,-0.08404 0.01913,-0.126093 1.8e-5,-2.64e-4 -3.2e-5,-7.93e-4 0,-0.0011 0.193955,-1.322435 0.480063,-2.627434 0.802018,-3.923792 -0.494787,-1.062733 -0.932246,-2.147983 -1.367875,-3.246832 -1.136187,-3.027526 -1.91557,-6.166048 -2.601907,-9.320876 -0.880898,0.137758 -1.96765,-0.520499 -2.545067,-2.192632 -0.12606,-0.365077 -0.202305,-0.749516 -0.333827,-1.112078 -0.214461,-0.546811 -0.258077,-1.131988 -0.342098,-1.706872 -0.07728,-0.513582 -0.136713,-1.029689 -0.185002,-1.546675 -0.18033,0.02246 -0.366104,0.02559 -0.557073,0.0041 -0.626702,-0.07035 -0.809315,-0.243549 -1.300178,-0.542084 -0.956029,-0.784746 -1.38185,-1.947367 -1.828313,-3.060795 -0.07353,-0.180226 -0.141745,-0.362468 -0.208256,-0.545187 -0.264303,-0.214995 -0.513551,-0.448294 -0.777214,-0.664041 -0.221901,-0.236606 -0.480314,-0.39851 -0.761193,-0.545706 C 59.938122,43.468622 59.586509,43.343133 59.25324,43.170905 58.94409,43.074795 58.59987,42.699534 58.313762,42.622104 58.08577,42.494451 57.842981,42.40992 57.588227,42.35759 57.252566,42.27607 56.909785,42.230548 56.5702,42.168972 56.134579,42.11706 55.733429,41.948515 55.333582,41.780365 54.950664,41.572024 55.09383,41.652971 54.750674,41.539036 c -0.31732,-0.07559 -0.632984,-0.155985 -0.953948,-0.216525 -0.322953,-0.0571 -0.649128,-0.0925 -0.976167,-0.11472 -0.295605,-0.01749 -0.591769,-0.02207 -0.887801,-0.02635 -0.230934,0.01865 -0.484325,-0.02066 -0.710033,0.03617 -0.22819,0.02318 -0.43071,0.08933 -0.658876,0.144696 -0.324803,0.08012 -0.65681,0.123764 -0.989603,0.152445 -0.25632,0.01868 -0.513106,0.02341 -0.76998,0.02791 -3.231594,0.05626 -3.765081,-2.709008 -1.520835,-3.582728 z m 42.941565,0 c 0.248811,0.07636 0.51684,0.162655 0.728638,0.309544 0.01704,0.0118 -0.039,-0.01439 -0.05839,-0.0217 0.365879,0.158271 0.01466,0.0536 0.407726,0.139526 0.3943,0.07155 0.792374,0.125261 1.18184,0.221691 0.557401,0.130681 1.1009,0.309364 1.607138,0.581359 0.349813,0.18547 0.676497,0.403481 1.02371,0.59273 0.294616,0.203414 0.690948,0.251007 0.978749,0.475938 0.155662,0.08186 0.308171,0.168587 0.457856,0.259416 0.456338,-0.109175 0.994437,-0.251447 1.648995,-0.457851 0.334145,0.549497 0.609314,1.132464 0.888833,1.711005 0.196921,0.454361 0.532471,1.190363 0.509013,1.709457 0.01865,-0.03842 0.03719,-0.07672 0.05684,-0.114721 0.53802,-0.779664 0.801026,-1.369034 2.336292,-1.034047 1.130411,0.24665 1.34202,1.190503 1.44694,2.032434 0.01315,0.207817 0.0186,0.415776 0.02119,0.623734 0.234444,0.212584 0.455011,0.43452 0.555521,0.540538 0.672883,0.709726 1.237414,1.493703 1.793172,2.292366 0.0058,-0.003 0.0118,-0.0057 0.01757,-0.0088 0.08319,0.118605 0.179036,0.229005 0.249597,0.355534 0.01627,0.02918 0.03651,0.07892 0.05736,0.137977 0.848577,1.365113 1.760635,2.729447 2.274795,4.261755 0.0043,0.02352 0.01005,0.05299 0.01497,0.07803 0.06693,-0.01908 0.133438,-0.03875 0.199472,-0.05994 0.01209,0.04143 0.02495,0.08264 0.03721,0.124024 0.06217,0.0037 0.05581,0.101589 0.05685,0.188618 v 5.29e-4 c 0.195437,0.647441 0.408027,1.289159 0.626835,1.929083 0.439949,-0.131861 0.865015,-0.397044 1.322398,-0.372586 0.235995,0.01262 0.510378,0.785069 0.699701,1.383376 0.106799,0.03714 0.213429,0.07474 0.318841,0.115755 0.172501,0.03651 0.344676,0.07382 0.516766,0.112139 v -18.10693 z m 8.005712,2.21692 c -0.0084,-0.03009 0.02021,0.05873 0.03153,0.08785 0.01114,0.02867 0.02265,0.05723 0.0341,0.08578 0.03439,-0.03304 -0.04977,-0.116896 -0.06563,-0.173633 z m 0.447003,5.247743 c -0.07143,0.04234 -0.07358,0.04581 -0.09612,0.108003 0.01812,0.0072 0.05308,-0.03668 0.09612,-0.108003 z m 8.357113,12.04164 c -0.0083,0.114292 -0.02652,0.222544 -0.05736,0.323496 0.186073,0.401396 0.373549,0.802039 0.562755,1.201994 8.7e-5,-0.01929 -8.7e-5,-0.03859 0,-0.05788 0.0011,-0.0186 0.0013,-0.04489 0.0021,-0.0646 -0.174527,-0.465667 -0.341762,-0.934099 -0.507463,-1.403017 z m -1.120862,2.173512 c 0.41801,1.557137 0.892384,3.098599 1.458309,4.611603 0.08273,0.209225 0.166865,0.418201 0.250629,0.627354 -0.02792,-0.528323 -0.05027,-1.056984 -0.06563,-1.58595 -0.0019,-0.09235 -0.0026,-0.184629 -0.0041,-0.276987 -0.09737,-0.19018 -0.195199,-0.380031 -0.291973,-0.570507 -0.453872,-0.932702 -0.904116,-1.867535 -1.347203,-2.805513 z m 5.411555,6.477641 c -0.01453,0.07961 -0.02698,0.159554 -0.04082,0.23926 0.176374,0.327112 0.354362,0.653513 0.532265,0.979786 -0.216006,-0.473149 -0.376878,-0.919379 -0.491442,-1.219046 z m -1.946651,8.499221 c -0.04902,0.272285 -0.09855,0.54447 -0.146243,0.817007 -0.418267,2.636292 -0.846804,5.291777 -0.894003,7.964887 0.33425,-0.891257 0.664924,-1.783977 1.009758,-2.671154 0.110519,-1.633829 0.24743,-3.266152 0.435631,-4.893241 0.03643,-0.321834 0.07961,-0.647933 0.118856,-0.975652 -0.171267,-0.08523 -0.352245,-0.157294 -0.523999,-0.241847 z m 2.754355,5.522145 c -0.349523,1.386618 -0.713854,2.771965 -1.003041,4.172355 0.0927,0.508667 0.0097,1.142267 -0.324011,1.859835 -0.02754,0.709642 -0.05419,1.41935 -0.09095,2.128552 -0.004,0.05353 0.04179,0.159613 -0.01188,0.160713 -0.374531,0.0076 -0.753663,0.0064 -1.12758,-0.02842 -0.05841,0.09462 -0.109754,0.192228 -0.14056,0.298688 -0.18574,0.457274 -0.427172,0.889034 -0.652155,1.327568 -0.226671,0.463865 -0.470374,0.918038 -0.73174,1.363226 -0.256169,0.426532 -0.574132,0.812197 -0.896069,1.190106 -0.351833,0.362202 -0.692579,0.734568 -1.039731,1.101225 -0.397761,0.396555 -0.765188,0.821055 -1.150832,1.228868 -0.457729,0.505968 -0.925531,1.002708 -1.396814,1.496031 -0.421974,0.46555 -0.891898,0.882282 -1.356506,1.303798 -0.466654,0.464169 -1.007001,0.830998 -1.591119,1.128612 -0.525997,0.261816 -1.109393,0.331454 -1.678967,0.438216 -0.465934,0.0565 -0.896607,0.242562 -1.340488,0.382924 -0.453268,0.155424 -0.921501,0.275775 -1.357021,0.478525 -0.381241,0.18477 -0.785241,0.31248 -1.176674,0.47129 -0.438523,0.14905 -0.704619,0.23482 -1.114141,0.35243 -0.268955,0.0446 -0.507437,0.16692 -0.759646,0.26562 -0.313729,0.097 -0.616918,0.21995 -0.918805,0.34778 -0.357814,0.16324 -0.718365,0.3199 -1.077455,0.48059 -0.355504,0.16738 -0.728406,0.28585 -1.111043,0.37155 0.0095,-0.001 0.03742,-0.006 0.02842,-0.003 -0.271259,0.0961 -0.562483,0.14509 -0.845426,0.19069 -0.241162,0.0919 -0.560062,-0.0242 -0.792199,0.0909 -0.109699,0.0513 -0.222962,0.0971 -0.337447,0.14057 H 78.154408 V 84.840815 c -0.535628,0.06338 -1.029372,-0.497683 -0.765328,-1.49448 0.01929,-0.07286 0.03858,-0.14574 0.05788,-0.218591 0.112853,-0.425585 0.202229,-0.856771 0.309542,-1.283644 0.11131,-0.398765 0.204631,-0.801709 0.279569,-1.209228 0.0191,-0.16501 0.03598,-0.330454 0.05013,-0.496094 z" /></clipPath><clipPath
       clipPathUnits="userSpaceOnUse"
       id="clipPath8391"><path
         id="path8393"
         style="fill:#ff0000;fill-opacity:1;fill-rule:nonzero;stroke:none;stroke-width:0.264583"
         d="m 11.890747,35.467086 v 65.502974 h 32.89825 c -0.271737,-0.67074 0.153686,-1.593883 1.509985,-1.986437 0.269301,-0.07795 0.542589,-0.138523 0.821656,-0.168982 0.156684,-0.01363 0.312904,-0.03565 0.465087,-0.07648 0.286822,-0.07837 0.565248,-0.183221 0.845945,-0.280601 0.342069,-0.136943 0.680741,-0.28416 1.028361,-0.406178 0.325305,-0.114186 0.619966,-0.17395 0.8816,-0.189135 0.260043,-0.176855 0.534656,-0.324852 0.830955,-0.4377 0.348837,-0.152061 0.706205,-0.281683 1.054717,-0.434599 0.44437,-0.206743 0.901261,-0.388517 1.363742,-0.550355 0.506023,-0.167391 1.022077,-0.317899 1.554427,-0.37207 v -5.29e-4 c 1.285044,-0.130754 2.049716,0.426651 2.201415,1.068668 0.50564,-0.08992 1.003078,-0.209407 1.49655,-0.347782 -0.08658,-0.30368 -0.206301,-0.707736 -0.416513,-1.264523 -0.432591,-0.495054 -0.530394,-0.433464 -0.188103,-0.53485 0.615932,-0.378134 1.197359,-0.807056 1.782837,-1.229899 0.923859,-0.685853 1.875906,-1.328598 2.871144,-1.905829 1.020652,-0.606655 2.107981,-1.07756 3.198771,-1.538922 0.539043,-0.230873 1.091612,-0.428448 1.63246,-0.654741 0.267748,-0.108323 0.53,-0.234106 0.73742,-0.438732 0.05975,-0.09589 0.09867,-0.193418 0.151414,-0.300757 0.03218,-0.111903 0.04643,-0.229346 0.07028,-0.343649 0.05249,-0.357571 0.183692,-0.688826 0.325562,-1.018542 0.113006,-0.243136 0.18047,-0.500481 0.25735,-0.756026 0.146256,-0.442034 0.345747,-0.860245 0.586528,-1.257805 0.232905,-0.359635 0.513458,-0.684768 0.778245,-1.020609 0.224327,-0.289304 0.448948,-0.577858 0.681096,-0.860928 0.283882,-0.349967 0.563989,-0.702159 0.864547,-1.03818 0.204592,-0.285401 0.425384,-0.558292 0.635104,-0.839743 0.195619,-0.248375 0.405677,-0.484801 0.606165,-0.729154 0.130728,-0.193771 0.242568,-0.394468 0.377238,-0.587045 0.189352,-0.205975 0.350292,-0.432384 0.504878,-0.664559 0.08213,-0.153217 0.162631,-0.310951 0.223242,-0.47439 0.07813,-0.143893 0.113726,-0.291679 0.134874,-0.451651 0.02643,-0.322969 0.04747,-0.644695 0.09302,-0.965833 0.04672,-0.276328 0.07416,-0.555127 0.0925,-0.834575 0.01117,-0.355089 0.05567,-0.708033 0.109554,-1.058849 0.05592,-0.298863 0.09949,-0.599401 0.125574,-0.902272 0.01302,-0.365461 0.05179,-0.726384 0.119372,-1.08572 0.118139,-0.438515 0.246216,-0.875009 0.374137,-1.311032 0.08362,-0.294515 0.135879,-0.596164 0.1726,-0.899686 0.03042,-0.266989 0.03596,-0.535699 0.04186,-0.804085 -0.01664,-0.228346 -0.09667,-0.440782 -0.160714,-0.658876 -0.07139,-0.295804 -0.168193,-0.583901 -0.243914,-0.878499 -0.06772,-0.242363 -0.07495,-0.497183 -0.127124,-0.740007 -0.06107,-0.272791 -0.09133,-0.550593 -0.112654,-0.82889 5.29e-4,-0.24412 -0.04281,-0.483192 -0.0739,-0.724503 -0.07024,-0.273666 -0.109331,-0.553834 -0.14211,-0.834057 -0.02847,-0.268364 -0.03259,-0.537281 -0.07183,-0.803568 -0.06693,-0.443177 -0.08812,-0.891135 -0.105936,-1.338422 -0.01654,-0.482777 -0.02207,-0.965988 -0.02635,-1.449006 -0.0029,-0.358444 -0.0038,-0.716934 -0.0047,-1.075386 -5.29e-4,-0.270153 -7.93e-4,-0.540136 -0.0011,-0.810286 -0.03961,-0.204994 -0.05672,-0.418129 -0.07596,-0.626835 0.01833,-0.03777 -0.04424,-0.410771 -0.03824,-0.288356 -0.15081,-0.31241 -0.244951,-0.645438 -0.314711,-0.983917 -0.08711,-0.240612 -0.107908,-0.498396 -0.172598,-0.744143 -0.07415,-0.319569 -0.175374,-0.631751 -0.263033,-0.947746 -0.09752,-0.374031 -0.18284,-0.751252 -0.273368,-1.127061 -0.06425,-0.269883 -0.209899,-0.494009 -0.33538,-0.748276 -0.186883,-0.377405 -0.369282,-0.755298 -0.534853,-1.142566 -0.120816,-0.272235 -0.280299,-0.524275 -0.421161,-0.785998 -0.122309,-0.217503 -0.215503,-0.448122 -0.337447,-0.663525 -0.01627,-0.0069 -0.09922,-0.141597 -0.121957,-0.170016 -0.0098,-0.01228 0.03513,0.05006 0.0217,0.04186 -0.02737,-0.01664 -0.0487,-0.04201 -0.07286,-0.06305 -0.173466,-0.175373 -0.351872,-0.344326 -0.533299,-0.49196 -0.142473,-0.143365 -0.293521,-0.255802 -0.461473,-0.360699 -0.272841,-0.137226 -0.532768,-0.294735 -0.783413,-0.468707 -0.116004,0.08941 -0.236836,0.18573 -0.365352,0.291973 -0.559179,-0.443936 -0.958475,-1.045265 -1.354958,-1.629875 -0.215813,-0.335918 -0.42872,-0.673145 -0.642337,-1.010275 -0.0232,-0.02834 -0.04485,-0.05805 -0.06873,-0.08578 -0.197048,-0.220199 -0.376859,-0.454668 -0.561205,-0.685229 -0.03273,-0.04129 -0.06636,-0.08151 -0.09818,-0.123507 -0.420084,-0.572905 0.04317,0.05455 -0.187587,-0.249081 -0.03548,-0.04669 -0.06855,-0.09518 -0.104386,-0.141592 -0.0456,-0.05904 -0.04432,-0.06104 -0.03462,-0.03101 -0.154702,-0.152093 -0.320133,-0.293682 -0.475941,-0.44545 -0.0159,-0.0075 -0.32145,-0.246128 -0.402558,-0.31316 -0.172061,-0.121725 -0.330396,-0.264446 -0.509014,-0.377238 -0.220543,-0.118891 -0.429725,-0.258056 -0.637169,-0.398425 -0.180393,-0.09895 -0.374878,-0.180179 -0.561208,-0.273368 -0.294965,-0.105354 -0.53563,-0.310377 -0.8046,-0.461986 -0.207981,-0.139131 -0.426829,-0.25808 -0.636138,-0.395327 -0.313222,-0.195051 -0.562925,-0.466077 -0.792716,-0.75034 -0.150669,-0.197983 -0.304278,-0.399754 -0.494543,-0.56224 -0.2154,-0.188682 -0.426535,-0.382407 -0.633037,-0.580842 -0.02703,-0.0109 -0.09816,-0.06612 -0.177768,-0.13126 -0.273399,-0.176538 -0.541716,-0.360378 -0.81752,-0.5333 C 59.383286,42.253864 59.129252,42.091 58.8852,41.912676 c -0.09913,-0.06855 -0.192331,-0.144608 -0.284223,-0.22221 -0.180933,-0.07834 -0.361085,-0.159018 -0.541052,-0.239779 -0.350192,-0.172712 -0.718719,-0.294391 -1.091406,-0.40721 -0.401005,-0.09479 -0.799838,-0.193995 -1.192692,-0.318844 -0.289345,-0.08105 -0.568232,-0.193426 -0.85576,-0.280085 -0.369861,-0.105309 -0.720034,-0.258413 -1.058333,-0.439767 -0.222795,-0.118393 -0.436589,-0.253838 -0.650092,-0.38809 -0.367247,-0.242232 -0.946939,-0.760947 -0.76636,-1.270723 0.02387,-0.06741 0.04411,-0.116059 0.06666,-0.176733 -0.05091,-0.0072 -0.101769,-0.01537 -0.152961,-0.02066 -0.222538,-0.01958 -0.440036,-0.07093 -0.660942,-0.102836 -0.12401,-0.01892 -0.249465,-0.02747 -0.374655,-0.03307 -0.05073,0.0013 -0.101891,-0.0016 -0.152961,-0.0036 0.007,7.94e-4 -0.01326,0.004 -0.02016,0.0052 -0.02767,0.0049 -0.05546,0.0089 -0.0832,0.01344 -0.169555,0.0163 -0.21817,0.03303 -0.358119,0.0677 -1.001106,0.248033 -1.712732,0.01283 -2.064472,-0.40721 -1.467538,1.51203 -3.235396,-0.06876 -1.802474,-2.093928 0.0311,-0.04396 0.06384,-0.08605 0.09767,-0.127125 z m 40.918949,0 c 0.181525,0.02358 0.362495,0.05108 0.542086,0.08733 0.05742,0.02498 0.0016,0.0021 0.155546,0.01963 0.234024,0.02674 0.466675,0.0684 0.691949,0.138491 0.382211,0.131911 0.738822,0.312102 1.036629,0.590661 0.236588,0.225404 0.45497,0.466826 0.626317,0.746726 0.01609,0.02782 0.03227,0.05818 0.04858,0.08681 0.07259,-0.08919 0.145571,-0.178052 0.222724,-0.278019 -0.0056,-0.0038 -0.0072,-0.0054 -0.01291,-0.0093 -0.363313,-0.178278 0.185994,0.07147 0.247015,0.09353 0.260803,0.101958 0.512329,0.222023 0.749824,0.371039 0.164764,0.08991 0.465132,0.216852 0.687813,0.373621 0.04665,0.0366 0.0941,0.0774 0.141079,0.117821 0.417586,0.223293 0.83666,0.443407 1.260388,0.655773 0.553976,0.252523 1.08187,0.557186 1.624705,0.831474 0.34072,0.200443 0.689343,0.382246 1.042316,0.559657 0.230507,0.118634 0.459822,0.240758 0.692981,0.354499 0.02132,0.0092 0.0428,0.01754 0.06408,0.02687 0.151723,0.07264 0.315688,0.12147 0.46509,0.198956 0.09227,0.02927 0.254072,0.02752 0.228926,0.109553 -0.02262,0.07378 -0.04084,0.138787 -0.06149,0.208772 0.0326,0.01355 0.06563,0.02614 0.09818,0.03979 0.429136,0.17291 0.837944,0.390109 1.243852,0.610814 0.417279,0.230984 0.81806,0.488617 1.20768,0.763262 0.298267,0.220327 0.595442,0.444178 0.905369,0.648023 0.344652,0.233524 0.689142,0.466278 1.02216,0.716235 0.365884,0.258977 0.700778,0.552918 0.992706,0.892969 0.278469,0.376968 0.519814,0.784362 0.732253,1.201994 0.157194,0.345445 0.322474,0.686266 0.492995,1.02526 0.173252,0.295357 0.301903,0.612738 0.440283,0.925008 0.124976,0.256495 0.23871,0.518157 0.373105,0.769979 0.01656,0.03346 0.03467,0.06604 0.05168,0.09922 0.05396,0.05597 0.108897,0.11098 0.161745,0.16795 0.17263,0.166341 0.332549,0.333068 0.546737,0.450617 0.217604,0.162608 0.46717,0.270259 0.699183,0.41031 0.301974,0.191466 0.586555,0.430708 0.732255,0.555522 0.213752,0.17612 0.42231,0.356238 0.611849,0.558623 0.292373,0.259887 0.543441,0.55028 0.73949,0.889868 0.134821,0.238196 0.244506,0.486124 0.37207,0.727604 0.17104,0.331655 0.381085,0.643983 0.520382,0.992187 0.146371,0.342385 0.308626,0.676447 0.473872,1.010275 0.209079,0.425191 0.441944,0.844314 0.539504,1.313098 0.0835,0.346628 0.160655,0.694388 0.251145,1.039214 0.09766,0.355532 0.212013,0.706472 0.292489,1.066599 0.05984,0.274746 0.108646,0.551538 0.189135,0.821656 0.02744,0.158485 0.07832,0.308295 0.151929,0.45217 0.138369,0.355058 0.236246,0.71768 0.241847,1.101741 0.0123,0.137769 0.02973,0.275109 0.04599,0.41238 v -24.94628 z m 1.815909,1.826763 c 0.01135,0.0093 0.02405,0.01609 0.03617,0.02429 0.0013,7.93e-4 0.0028,0.0016 0.0041,0.0026 -0.0043,-0.0036 -0.0093,-0.0067 -0.01344,-0.01035 -0.0078,-0.007 -0.03497,-0.02312 -0.02687,-0.01654 z m 8.470286,3.152262 c -1.74e-4,2.64e-4 -2.51e-4,5.29e-4 -5.29e-4,0.0011 0.01463,0.0065 0.02918,0.01286 0.04393,0.01913 0.03321,0.01405 -0.04277,-0.02156 -0.04341,-0.02016 z m 6.292123,10.849983 c -0.01529,0.02455 0.04367,0.05369 0.05994,0.08268 0.01214,0.02164 -0.0299,-0.03985 -0.04444,-0.05994 -0.0054,-0.0074 -0.01016,-0.01527 -0.0155,-0.02273 z m 8.005196,27.47791 c -0.0131,0.176067 -0.02532,0.352311 -0.05064,0.527614 -0.06015,0.360444 -0.141602,0.718235 -0.301273,1.049549 -0.137181,0.329763 -0.287118,0.657074 -0.479557,0.958599 -0.180655,0.271089 -0.364951,0.543607 -0.587563,0.78238 0.01341,-0.04181 0.01569,-0.04215 -0.02687,0.03307 -0.09572,0.16913 -0.191035,0.331862 -0.305925,0.48886 -0.04055,0.05541 -0.08193,0.110332 -0.122989,0.165365 -0.175471,0.21368 -0.356806,0.421947 -0.532267,0.635619 -0.258771,0.343411 -0.520343,0.685149 -0.785998,1.023194 -0.27482,0.305628 -0.526124,0.629449 -0.786516,0.94723 -0.222377,0.271073 -0.4371,0.547817 -0.652156,0.824756 -0.20107,0.253042 -0.409924,0.500735 -0.597897,0.763776 -0.125916,0.192338 -0.212622,0.402396 -0.296622,0.615984 -0.108643,0.353655 -0.210751,0.708845 -0.363802,1.046964 -0.07429,0.170945 -0.150823,0.319961 -0.164333,0.515731 -0.08136,0.331698 -0.125013,0.675079 -0.294039,0.979784 -0.206153,0.410324 -0.428818,0.812676 -0.77928,1.120862 -0.269767,0.232471 -0.556512,0.439373 -0.862997,0.613916 0.36998,0.550894 0.229386,1.465143 -0.812353,2.246376 -0.179062,0.134289 -0.08718,0.06133 -0.273886,0.220141 -0.257664,0.213143 -0.53045,0.405802 -0.796848,0.607716 -0.257228,0.197488 -0.510273,0.398764 -0.740008,0.628902 -0.483346,0.411146 -1.00743,0.769305 -1.536856,1.118277 -0.620501,0.390922 -1.247833,0.772025 -1.893425,1.120346 -0.940109,0.534361 -1.911326,1.005213 -2.939872,1.347203 -0.935982,0.299588 -1.881704,0.551688 -2.85564,0.69505 -0.749774,0.167702 -1.493409,0.356682 -2.230872,0.572572 -0.664792,0.19095 -1.33019,0.38104 -2.001946,0.54622 h 24.07243 z" /></clipPath><marker
       style="overflow:visible"
       id="Arrow1-9"
       refX="0"
       refY="0"
       orient="auto-start-reverse"
       inkscape:stockid="Arrow1"
       markerWidth="4.0606599"
       markerHeight="6.7071061"
       viewBox="0 0 4.0606602 6.7071068"
       inkscape:isstock="true"
       inkscape:collect="always"
       preserveAspectRatio="xMidYMid"><path
         style="fill:none;stroke:context-stroke;stroke-width:1;stroke-linecap:butt"
         d="M 3,-3 0,0 3,3"
         id="path5057-1"
         transform="rotate(180,0.125,0)"
         sodipodi:nodetypes="ccc" /></marker><marker
       style="overflow:visible"
       id="Arrow1-6"
       refX="0"
       refY="0"
       orient="auto-start-reverse"
       inkscape:stockid="Arrow1"
       markerWidth="4.0606599"
       markerHeight="6.7071061"
       viewBox="0 0 4.0606602 6.7071068"
       inkscape:isstock="true"
       inkscape:collect="always"
       preserveAspectRatio="xMidYMid"><path
         style="fill:none;stroke:context-stroke;stroke-width:1;stroke-linecap:butt"
         d="M 3,-3 0,0 3,3"
         id="path5057-0"
         transform="rotate(180,0.125,0)"
         sodipodi:nodetypes="ccc" /></marker><marker
       style="overflow:visible"
       id="Arrow1-2"
       refX="0"
       refY="0"
       orient="auto-start-reverse"
       inkscape:stockid="Arrow1"
       markerWidth="4.0606599"
       markerHeight="6.7071061"
       viewBox="0 0 4.0606602 6.7071068"
       inkscape:isstock="true"
       inkscape:collect="always"
       preserveAspectRatio="xMidYMid"><path
         style="fill:none;stroke:context-stroke;stroke-width:1;stroke-linecap:butt"
         d="M 3,-3 0,0 3,3"
         id="path5057-02"
         transform="rotate(180,0.125,0)"
         sodipodi:nodetypes="ccc" /></marker><marker
       style="overflow:visible"
       id="Arrow1-2-9"
       refX="0"
       refY="0"
       orient="auto-start-reverse"
       inkscape:stockid="Arrow1"
       markerWidth="4.0606599"
       markerHeight="6.7071061"
       viewBox="0 0 4.0606602 6.7071068"
       inkscape:isstock="true"
       inkscape:collect="always"
       preserveAspectRatio="xMidYMid"><path
         style="fill:none;stroke:context-stroke;stroke-width:1;stroke-linecap:butt"
         d="M 3,-3 0,0 3,3"
         id="path5057-02-2"
         transform="rotate(180,0.125,0)"
         sodipodi:nodetypes="ccc" /></marker><marker
       style="overflow:visible"
       id="Arrow1-2-9-7"
       refX="0"
       refY="0"
       orient="auto-start-reverse"
       inkscape:stockid="Arrow1"
       markerWidth="4.0606599"
       markerHeight="6.7071061"
       viewBox="0 0 4.0606602 6.7071068"
       inkscape:isstock="true"
       inkscape:collect="always"
       preserveAspectRatio="xMidYMid"><path
         style="fill:none;stroke:context-stroke;stroke-width:1;stroke-linecap:butt"
         d="M 3,-3 0,0 3,3"
         id="path5057-02-2-3"
         transform="rotate(180,0.125,0)"
         sodipodi:nodetypes="ccc" /></marker><marker
       style="overflow:visible"
       id="Arrow1-6-9"
       refX="0"
       refY="0"
       orient="auto-start-reverse"
       inkscape:stockid="Arrow1"
       markerWidth="4.0606599"
       markerHeight="6.7071061"
       viewBox="0 0 4.0606602 6.7071068"
       inkscape:isstock="true"
       inkscape:collect="always"
       preserveAspectRatio="xMidYMid"><path
         style="fill:none;stroke:context-stroke;stroke-width:1;stroke-linecap:butt"
         d="M 3,-3 0,0 3,3"
         id="path5057-0-3"
         transform="rotate(180,0.125,0)"
         sodipodi:nodetypes="ccc" /></marker><marker
       style="overflow:visible"
       id="Arrow1-61"
       refX="0"
       refY="0"
       orient="auto-start-reverse"
       inkscape:stockid="Arrow1"
       markerWidth="4.0606599"
       markerHeight="6.7071061"
       viewBox="0 0 4.0606602 6.7071068"
       inkscape:isstock="true"
       inkscape:collect="always"
       preserveAspectRatio="xMidYMid"><path
         style="fill:none;stroke:context-stroke;stroke-width:1;stroke-linecap:butt"
         d="M 3,-3 0,0 3,3"
         id="path5057-06"
         transform="rotate(180,0.125,0)"
         sodipodi:nodetypes="ccc" /></marker><marker
       style="overflow:visible"
       id="Arrow1-6-4"
       refX="0"
       refY="0"
       orient="auto-start-reverse"
       inkscape:stockid="Arrow1"
       markerWidth="4.0606599"
       markerHeight="6.7071061"
       viewBox="0 0 4.0606602 6.7071068"
       inkscape:isstock="true"
       inkscape:collect="always"
       preserveAspectRatio="xMidYMid"><path
         style="fill:none;stroke:context-stroke;stroke-width:1;stroke-linecap:butt"
         d="M 3,-3 0,0 3,3"
         id="path5057-0-7"
         transform="rotate(180,0.125,0)"
         sodipodi:nodetypes="ccc" /></marker><marker
       style="overflow:visible"
       id="Arrow1-2-9-7-4"
       refX="0"
       refY="0"
       orient="auto-start-reverse"
       inkscape:stockid="Arrow1"
       markerWidth="4.0606599"
       markerHeight="6.7071061"
       viewBox="0 0 4.0606602 6.7071068"
       inkscape:isstock="true"
       inkscape:collect="always"
       preserveAspectRatio="xMidYMid"><path
         style="fill:none;stroke:context-stroke;stroke-width:1;stroke-linecap:butt"
         d="M 3,-3 0,0 3,3"
         id="path5057-02-2-3-5"
         transform="rotate(180,0.125,0)"
         sodipodi:nodetypes="ccc" /></marker><marker
       style="overflow:visible"
       id="Arrow1-7"
       refX="0"
       refY="0"
       orient="auto-start-reverse"
       inkscape:stockid="Arrow1"
       markerWidth="4.0606599"
       markerHeight="6.7071061"
       viewBox="0 0 4.0606602 6.7071068"
       inkscape:isstock="true"
       inkscape:collect="always"
       preserveAspectRatio="xMidYMid"><path
         style="fill:none;stroke:context-stroke;stroke-width:1;stroke-linecap:butt"
         d="M 3,-3 0,0 3,3"
         id="path5057-4"
         transform="rotate(180,0.125,0)"
         sodipodi:nodetypes="ccc" /></marker><marker
       style="overflow:visible"
       id="Arrow1-2-7"
       refX="0"
       refY="0"
       orient="auto-start-reverse"
       inkscape:stockid="Arrow1"
       markerWidth="4.0606599"
       markerHeight="6.7071061"
       viewBox="0 0 4.0606602 6.7071068"
       inkscape:isstock="true"
       inkscape:collect="always"
       preserveAspectRatio="xMidYMid"><path
         style="fill:none;stroke:context-stroke;stroke-width:1;stroke-linecap:butt"
         d="M 3,-3 0,0 3,3"
         id="path5057-02-8"
         transform="rotate(180,0.125,0)"
         sodipodi:nodetypes="ccc" /></marker><marker
       style="overflow:visible"
       id="Arrow1-2-9-7-43"
       refX="0"
       refY="0"
       orient="auto-start-reverse"
       inkscape:stockid="Arrow1"
       markerWidth="4.0606599"
       markerHeight="6.7071061"
       viewBox="0 0 4.0606602 6.7071068"
       inkscape:isstock="true"
       inkscape:collect="always"
       preserveAspectRatio="xMidYMid"><path
         style="fill:none;stroke:context-stroke;stroke-width:1;stroke-linecap:butt"
         d="M 3,-3 0,0 3,3"
         id="path5057-02-2-3-1"
         transform="rotate(180,0.125,0)"
         sodipodi:nodetypes="ccc" /></marker><marker
       style="overflow:visible"
       id="Arrow1-2-9-7-43-0"
       refX="0"
       refY="0"
       orient="auto-start-reverse"
       inkscape:stockid="Arrow1"
       markerWidth="4.0606599"
       markerHeight="6.7071061"
       viewBox="0 0 4.0606602 6.7071068"
       inkscape:isstock="true"
       inkscape:collect="always"
       preserveAspectRatio="xMidYMid"><path
         style="fill:none;stroke:context-stroke;stroke-width:1;stroke-linecap:butt"
         d="M 3,-3 0,0 3,3"
         id="path5057-02-2-3-1-6"
         transform="rotate(180,0.125,0)"
         sodipodi:nodetypes="ccc" /></marker><marker
       style="overflow:visible"
       id="Arrow1-9-6"
       refX="0"
       refY="0"
       orient="auto-start-reverse"
       inkscape:stockid="Arrow1"
       markerWidth="4.0606599"
       markerHeight="6.7071061"
       viewBox="0 0 4.0606602 6.7071068"
       inkscape:isstock="true"
       inkscape:collect="always"
       preserveAspectRatio="xMidYMid"><path
         style="fill:none;stroke:context-stroke;stroke-width:1;stroke-linecap:butt"
         d="M 3,-3 0,0 3,3"
         id="path5057-1-6"
         transform="rotate(180,0.125,0)"
         sodipodi:nodetypes="ccc" /></marker><marker
       style="overflow:visible"
       id="Arrow1-0"
       refX="0"
       refY="0"
       orient="auto-start-reverse"
       inkscape:stockid="Arrow1"
       markerWidth="4.0606599"
       markerHeight="6.7071061"
       viewBox="0 0 4.0606602 6.7071068"
       inkscape:isstock="true"
       inkscape:collect="always"
       preserveAspectRatio="xMidYMid"><path
         style="fill:none;stroke:context-stroke;stroke-width:1;stroke-linecap:butt"
         d="M 3,-3 0,0 3,3"
         id="path5057-48"
         transform="rotate(180,0.125,0)"
         sodipodi:nodetypes="ccc" /></marker></defs><g
     inkscape:groupmode="layer"
     id="layer2"
     inkscape:label="Piezas"
     style="display:inline"
     sodipodi:insensitive="true"><circle
       style="display:inline;fill:none;stroke:#000000;stroke-width:0.481;stroke-dasharray:none;stroke-opacity:1"
       id="path1125"
       cx="45.69548"
       cy="70.418953"
       r="32.218464"
       clip-path="url(#clipPath1254)"
       transform="translate(73.81274,99.770011)" /><path
       style="fill:none;stroke:#000000;stroke-width:0.480999;stroke-dasharray:none;stroke-opacity:1"
       d="m 119.85021,137.98328 76.34621,-0.18772 0.24536,64.60155 h -75.25305"
       id="path1312"
       sodipodi:nodetypes="cccc" /><circle
       style="fill:none;stroke:#000000;stroke-width:0.523177;stroke-dasharray:none;stroke-opacity:1"
       id="path1410"
       cx="119.80554"
       cy="170.31982"
       r="5.1022534" /><circle
       style="fill:none;stroke:#000000;stroke-width:0.4068;stroke-dasharray:none;stroke-opacity:1"
       id="path1410-3"
       cx="154.75729"
       cy="155.90926"
       r="3.9672992" /><circle
       style="fill:none;stroke:#000000;stroke-width:0.4068;stroke-dasharray:none;stroke-opacity:1"
       id="path1410-3-6"
       cx="180.67215"
       cy="184.46255"
       r="3.9672992" /><path
       style="fill:none;stroke:#000000;stroke-width:0.480999;stroke-dasharray:none;stroke-opacity:1"
       d="m 109.27076,170.14259 5.33002,-9.23186 h 10.35954 l 5.32492,9.22301 -5.18986,8.9891 H 114.4122 Z"
       id="path1466" /><path
       style="fill:#0adfff;fill-opacity:1;stroke:#000000;stroke-width:0.848814;stroke-dasharray:none;stroke-opacity:1"
       d="m 440.29296,763.33523 c -31.51488,-2.98354 -61.40819,-18.9567 -81.80564,-43.71194 -14.36392,-17.43268 -23.78468,-39.50469 -26.55616,-62.21875 -1.05035,-8.60821 -0.71176,-25.31599 0.67704,-33.40933 4.46582,-26.02481 16.55587,-49.21972 34.92189,-66.99804 21.89795,-21.19725 49.33273,-32.98111 79.76647,-34.26152 3.33838,-0.14046 70.59997,-0.3805 149.47021,-0.53342 l 143.40042,-0.27805 0.2882,31.43819 c 0.1585,17.29101 0.41917,71.7264 0.57926,120.96754 l 0.29108,89.52935 -148.41531,-0.0631 c -81.62842,-0.0347 -150.30627,-0.24211 -152.61746,-0.46092 z m 249.9577,-52.00522 c 3.26458,-1.7824 6.30923,-5.22162 7.56147,-8.54138 0.8103,-2.14814 0.96751,-3.38703 0.81428,-6.41668 -0.30916,-6.11233 -3.01667,-10.41177 -8.38619,-13.31698 -2.77253,-1.5001 -3.22564,-1.59809 -7.38926,-1.59809 -4.16363,0 -4.61674,0.098 -7.38927,1.59809 -5.34087,2.88971 -8.03724,7.18467 -8.37251,13.33628 -0.25012,4.58941 0.85173,7.94752 3.65128,11.12798 3.65783,4.15551 6.93664,5.51631 12.81086,5.31686 3.60533,-0.12241 4.55682,-0.33631 6.69934,-1.50608 z m -206.46528,-50.96415 10.0061,-17.34912 -10.39943,-18.01906 -10.39944,-18.01905 -20.31853,0.0153 -20.31853,0.0153 -10.23304,17.78513 c -5.62817,9.78182 -10.22512,18.02167 -10.21544,18.31076 0.0145,0.43337 16.91012,30.31558 19.10933,33.79749 l 0.66653,1.05529 21.04817,-0.12148 21.04817,-0.12147 10.00611,-17.34913 z M 590.71249,604.1088 c 3.25605,-1.21824 6.77945,-4.38246 8.49205,-7.62633 1.11121,-2.10477 1.23739,-2.84371 1.23739,-7.24629 0,-4.23399 -0.14778,-5.17945 -1.0837,-6.93329 -1.65023,-3.09238 -4.56609,-5.97962 -7.488,-7.41454 -2.31698,-1.13784 -3.16799,-1.29355 -7.06967,-1.29355 -4.16117,0 -4.61718,0.0985 -7.37022,1.59127 -3.44686,1.86902 -5.40449,3.94674 -6.99787,7.42713 -3.87054,8.45439 0.61225,19.02243 9.23212,21.76441 3.21328,1.02214 7.90247,0.90805 11.0479,-0.26881 z"
       id="path2710"
       transform="scale(0.26458333)"
       sodipodi:nodetypes="ssssssscsscsssssssssssssccccccssscccccssssssssss" /><path
       style="fill:#0a98b4;fill-opacity:1;stroke:#000000;stroke-width:0.848814;stroke-dasharray:none;stroke-opacity:1"
       d="m 423.81649,659.56376 -9.43662,-16.51704 9.6882,-16.85176 9.6882,-16.85175 18.91383,-0.015 18.91384,-0.015 9.72517,16.8524 9.72516,16.8524 -4.7589,8.24383 c -2.6174,4.53411 -6.89052,11.96763 -9.49583,16.51895 l -4.73693,8.2751 -19.39475,0.0125 -19.39474,0.0125 z m 35.17458,3.6604 c 5.98845,-1.66349 11.45087,-7.14619 13.35039,-13.39994 1.43154,-4.71306 1.08021,-10.30059 -0.9159,-14.56617 -1.98504,-4.24193 -5.49866,-7.82799 -9.70845,-9.90858 -2.9058,-1.43612 -3.98988,-1.71033 -7.56862,-1.91438 -5.3968,-0.30771 -9.48644,0.84634 -13.51892,3.81488 -12.34704,9.08938 -10.44762,28.41273 3.43129,34.90745 4.85151,2.2703 9.42194,2.59685 14.93021,1.06674 z"
       id="path2712"
       transform="scale(0.26458333)" /><circle
       style="fill:none;fill-opacity:1;stroke:#000000;stroke-width:0.585;stroke-dasharray:none;stroke-opacity:1"
       id="path8261"
       cx="44.641777"
       cy="68.218575"
       r="32.358986"
       clip-path="url(#clipPath8391)" /><path
       style="fill:none;fill-opacity:1;stroke:#000000;stroke-width:0.525;stroke-dasharray:none;stroke-opacity:1"
       d="m 46.158663,35.92202 74.712967,0.102575 0.15749,64.655935 -76.66611,-0.0852"
       id="path8397"
       sodipodi:nodetypes="cccc" /><circle
       style="fill:none;fill-opacity:1;stroke:#000000;stroke-width:0.575;stroke-dasharray:none;stroke-opacity:1"
       id="path8399"
       cx="44.485424"
       cy="68.265327"
       r="5.0907273" /><ellipse
       style="display:inline;fill:none;fill-opacity:1;stroke:#000000;stroke-width:0.4974;stroke-dasharray:none;stroke-opacity:1"
       id="path8399-6"
       cx="79.560326"
       cy="82.584694"
       rx="3.7513001"
       ry="3.7512999" /><ellipse
       style="display:inline;fill:none;fill-opacity:1;stroke:#000000;stroke-width:0.4974;stroke-dasharray:none;stroke-opacity:1"
       id="path8399-6-2"
       cx="105.33764"
       cy="53.879463"
       rx="3.7513001"
       ry="3.7512999" /><ellipse
       style="display:inline;fill:none;fill-opacity:1;stroke:#000000;stroke-width:0.551;stroke-dasharray:none;stroke-opacity:1"
       id="path8399-5"
       cx="79.441818"
       cy="82.626732"
       rx="7.6744642"
       ry="7.6744647" /><ellipse
       style="display:inline;fill:none;fill-opacity:1;stroke:#000000;stroke-width:0.551;stroke-dasharray:none;stroke-opacity:1"
       id="path8399-5-5"
       cx="105.39784"
       cy="53.990051"
       rx="7.6744642"
       ry="7.6744647" /><path
       style="fill:#0adfff;fill-opacity:1;stroke:#000000;stroke-width:1.03234;stroke-dasharray:none;stroke-opacity:1"
       d="M 163.18387,378.64458 C 137.15704,377.23468 113.39352,368.26383 93.147874,352.20565 88.057963,348.1685 78.362779,338.47516 74.309968,333.37134 59.593396,314.83832 50.430935,292.10378 48.28532,268.79717 c -0.68901,-7.48433 -0.333633,-21.16838 0.736001,-28.34025 1.012252,-6.78713 3.850038,-18.05179 6.06524,-24.07612 2.560244,-6.96268 8.599859,-18.89896 12.62394,-24.94908 16.940256,-25.46931 42.456419,-43.58894 71.636789,-50.87099 14.71024,-3.67099 19.19838,-3.92051 64.45746,-3.58367 20.92909,0.15577 86.0897,0.28553 144.80137,0.28835 l 106.74848,0.005 0.29945,34.66782 c 0.1647,19.0673 0.34767,73.48529 0.4066,120.92886 l 0.10713,86.26106 -143.34033,-0.0711 c -78.83719,-0.0391 -146.1768,-0.22479 -149.64358,-0.41258 z m 145.08039,-37.14957 c 6.78776,-1.76799 14.27246,-7.39715 17.81268,-13.39674 2.90375,-4.92096 3.90331,-8.38376 4.13847,-14.33701 0.2616,-6.62258 -0.49705,-10.25185 -3.25751,-15.58332 -7.8724,-15.20458 -27.36161,-20.68026 -42.2854,-11.8805 -3.95467,2.33186 -8.90431,7.49802 -10.96886,11.4487 -9.89534,18.93541 1.22613,41.12369 22.31517,44.52063 2.96429,0.47748 8.88092,0.10459 12.24545,-0.77176 z M 173.92272,277.7164 c 5.48207,-1.63153 10.26857,-5.73679 12.6686,-10.86554 4.8364,-10.33515 0.62244,-22.31421 -9.62389,-27.35793 -3.16452,-1.55772 -3.42044,-1.604 -8.87122,-1.604 -5.41134,0 -5.72671,0.0558 -8.79053,1.55381 -1.86865,0.91368 -4.21,2.58597 -5.68325,4.05922 -1.47325,1.47325 -3.14554,3.8146 -4.05922,5.68325 -1.49806,3.06382 -1.55381,3.37919 -1.55381,8.79053 0,5.45078 0.0463,5.7067 1.604,8.87122 4.46035,9.06122 14.82034,13.69349 24.30932,10.86944 z m 233.21987,-44.73495 c 10.21175,-3.16019 17.86992,-11.15357 20.53338,-21.43218 1.01011,-3.89817 1.01043,-11.11954 4.7e-4,-15.03012 -1.81753,-7.0394 -6.66792,-13.79405 -12.76163,-17.77206 -5.19622,-3.39213 -9.78837,-4.72509 -16.41,-4.76331 -7.52865,-0.0435 -13.20414,1.85451 -18.90971,6.3237 -11.81383,9.25379 -14.93508,26.47691 -7.15338,39.47246 4.06865,6.79472 11.53419,12.07522 19.71539,13.94503 3.9037,0.89219 10.80662,0.54969 14.98548,-0.74352 z"
       id="path8743"
       transform="scale(0.26458333)" /><path
       style="fill:#0a98b4;fill-opacity:1;stroke:#000000;stroke-width:1.03234;stroke-dasharray:none;stroke-opacity:1"
       d="m 293.14509,339.04719 c -10.24779,-3.03282 -17.86906,-11.15495 -20.00266,-21.31722 -0.88013,-4.19206 -0.87425,-6.44447 0.0282,-10.81356 2.69054,-13.02577 13.89112,-22.23072 27.05033,-22.23072 17.15503,0 30.30982,15.72152 27.28463,32.60834 -0.74941,4.18327 -4.09907,10.72024 -7.08636,13.82928 -3.09946,3.22579 -7.36417,6.03685 -11.22303,7.3976 -4.10552,1.44773 -12.05668,1.70843 -16.05112,0.52628 z m 14.68811,-13.37351 c 2.80325,-1.52735 5.15348,-3.92903 6.72492,-6.87214 0.91134,-1.7068 1.07077,-2.70057 1.07077,-6.67445 0,-4.29284 -0.11054,-4.86861 -1.37181,-7.14533 -1.55804,-2.81244 -3.96612,-5.16121 -6.89475,-6.72492 -1.7068,-0.91134 -2.70057,-1.07077 -6.67446,-1.07077 -3.97388,0 -4.96765,0.15943 -6.67445,1.07077 -2.92863,1.56371 -5.33671,3.91248 -6.89475,6.72492 -1.26127,2.27672 -1.37181,2.85249 -1.37181,7.14533 0,3.95196 0.16179,4.97184 1.05341,6.64043 3.20306,5.9943 7.81523,8.65049 14.58796,8.40135 3.32712,-0.12239 4.36903,-0.3641 6.44497,-1.49519 z"
       id="path9228"
       transform="scale(0.26458333)" /><path
       style="fill:#0a98b4;fill-opacity:1;stroke:#000000;stroke-width:1.03234;stroke-dasharray:none;stroke-opacity:1"
       d="m 391.31822,230.87505 c -9.30735,-2.55552 -16.85275,-10.06651 -19.70962,-19.61974 -1.20775,-4.03865 -1.13402,-10.7181 0.16471,-14.92107 2.58778,-8.37461 9.4839,-15.63515 17.52281,-18.44877 3.66707,-1.28347 11.01339,-1.75829 14.73851,-0.95259 4.70412,1.01745 10.06511,3.9439 13.57027,7.40774 11.16409,11.03245 11.20103,28.33681 0.0839,39.30817 -3.44266,3.39752 -8.04811,6.05306 -12.48126,7.19677 -3.47464,0.89642 -10.67624,0.91172 -13.88934,0.0295 z m 13.28192,-13.38998 c 3.22577,-1.4961 5.83593,-4.10089 7.3923,-7.37708 1.01822,-2.14337 1.21993,-3.22422 1.21993,-6.5367 0,-3.40166 -0.18681,-4.34913 -1.30751,-6.63129 -1.64605,-3.352 -5.16036,-6.56848 -8.3947,-7.68329 -3.65318,-1.25917 -8.33907,-1.10618 -11.56334,0.37755 -3.67391,1.69063 -5.80049,3.7471 -7.5502,7.30126 -2.6179,5.31773 -1.95896,11.40561 1.76266,16.2849 4.13466,5.42082 12.01747,7.24381 18.44086,4.26465 z"
       id="path9230"
       transform="scale(0.26458333)" /><path
       style="fill:none;fill-opacity:1;stroke:#000000;stroke-width:0.584999;stroke-dasharray:none;stroke-opacity:1"
       d="M 157.95653,65.187361 H 267.18818 V 83.780375 H 158.16645 Z"
       id="path9286" /><path
       style="fill:none;fill-opacity:1;stroke:#000000;stroke-width:1.03234;stroke-dasharray:none;stroke-opacity:1"
       d="m 599.10277,308.97547 c -0.14716,-3.40259 -0.3835,-18.53036 -0.52521,-33.61728 l -0.25766,-27.43077 h 204.9825 204.9825 v 33.61728 33.61728 H 803.8276 599.37033 Z"
       id="path9288"
       transform="scale(0.26458333)" /><path
       style="fill:none;fill-opacity:1;stroke:#000000;stroke-width:0.584999;stroke-dasharray:none;stroke-opacity:1"
       d="M 190.5052,65.253753 V 83.533847"
       id="path9290" /><path
       style="fill:#0adfff;fill-opacity:1;stroke:#000000;stroke-width:1.03234;stroke-dasharray:none;stroke-opacity:1"
       d="m 721.1373,281.5447 v -32.68346 h 143.10688 143.10692 v 32.68346 32.68347 H 864.24418 721.1373 Z"
       id="path9436"
       transform="scale(0.26458333)" /><path
       style="fill:#0adfff;fill-opacity:1;stroke:#000000;stroke-width:1.03234;stroke-dasharray:none;stroke-opacity:1"
       d="m 600.0397,312.47727 c -0.16004,-0.963 -0.43213,-15.67056 -0.60467,-32.68347 l -0.31369,-30.93256 h 59.84071 59.84072 v 32.68346 32.68347 h -59.23606 -59.23605 z"
       id="path9438"
       transform="scale(0.26458333)" /></g><g
     inkscape:groupmode="layer"
     id="layer3"
     inkscape:label="Medidas"><path
       style="fill:#0adfff;fill-opacity:1;stroke:#000000;stroke-width:0.385;stroke-dasharray:0.77, 0.385;stroke-opacity:1;stroke-dashoffset:0;marker-start:url(#Arrow1);marker-end:url(#Arrow1)"
       d="m 44.41504,31.775011 h 76.53654"
       id="path9497" /><path
       style="fill:#0adfff;fill-opacity:1;stroke:#000000;stroke-width:0.35576;stroke-dasharray:0.711518, 0.35576;stroke-dashoffset:0;stroke-opacity:1;marker-start:url(#Arrow1-9);marker-end:url(#Arrow1-9)"
       d="M 128.59065,36.527465 V 101.87966"
       id="path9497-2" /><text
       xml:space="preserve"
       style="font-size:3.175px;fill:#000000;fill-opacity:1;stroke:none;stroke-width:0.385;stroke-dasharray:0.770001, 0.385;stroke-dashoffset:0;stroke-opacity:1"
       x="72.775139"
       y="29.741741"
       id="text10540"><tspan
         sodipodi:role="line"
         id="tspan10538"
         style="fill:#000000;fill-opacity:1;stroke:none;stroke-width:0.385"
         x="72.775139"
         y="29.741741">29,5 mm</tspan></text><text
       xml:space="preserve"
       style="font-size:3.02542px;fill:#000000;fill-opacity:1;stroke:none;stroke-width:0.366862;stroke-dasharray:0.733725, 0.366862;stroke-dashoffset:0;stroke-opacity:1"
       x="50.980343"
       y="61.849724"
       id="text10540-9"><tspan
         sodipodi:role="line"
         id="tspan10538-3"
         style="fill:#000000;fill-opacity:1;stroke:none;stroke-width:0.366862"
         x="50.980343"
         y="61.849724">4 mm</tspan></text><text
       xml:space="preserve"
       style="font-size:3.175px;fill:#000000;fill-opacity:1;stroke:none;stroke-width:0.385;stroke-dasharray:0.770001, 0.385;stroke-dashoffset:0;stroke-opacity:1"
       x="-75.417114"
       y="133.96774"
       id="text10540-7"
       transform="rotate(-90)"><tspan
         sodipodi:role="line"
         id="tspan10538-0"
         style="fill:#000000;fill-opacity:1;stroke:none;stroke-width:0.385"
         x="-75.417114"
         y="133.96774">25 mm</tspan></text><text
       xml:space="preserve"
       style="font-size:3.175px;fill:#000000;fill-opacity:1;stroke:none;stroke-width:0.385;stroke-dasharray:0.770001, 0.385;stroke-dashoffset:0;stroke-opacity:1"
       x="-80.029579"
       y="275.29074"
       id="text10540-7-9"
       transform="rotate(-90)"><tspan
         sodipodi:role="line"
         id="tspan10538-0-5"
         style="fill:#000000;fill-opacity:1;stroke:none;stroke-width:0.385"
         x="-80.029579"
         y="275.29074">7 mm</tspan></text><path
       style="fill:#000000;fill-opacity:1;stroke:#000000;stroke-width:0.385;stroke-dasharray:0.770001, 0.385;stroke-dashoffset:0;stroke-opacity:1;marker-start:url(#Arrow1);marker-end:url(#Arrow1)"
       d="m 41.146034,72.142225 6.889591,-7.639233"
       id="path13054" /><circle
       style="fill:none;fill-opacity:1;stroke:#000000;stroke-width:0.385;stroke-dasharray:none;stroke-dashoffset:0;stroke-opacity:1"
       id="path13122"
       cx="49.064224"
       cy="60.942524"
       r="1.1524075" /><path
       style="fill:none;fill-opacity:1;stroke:#000000;stroke-width:0.385;stroke-dasharray:none;stroke-dashoffset:0;stroke-opacity:1"
       d="m 47.712981,62.03734 2.933893,-2.386375"
       id="path13124" /><text
       xml:space="preserve"
       style="font-size:3.02542px;fill:#000000;fill-opacity:1;stroke:none;stroke-width:0.366862;stroke-dasharray:0.733725, 0.366862;stroke-dashoffset:0;stroke-opacity:1"
       x="89.54261"
       y="77.199234"
       id="text10540-9-2"><tspan
         sodipodi:role="line"
         id="tspan10538-3-6"
         style="fill:#000000;fill-opacity:1;stroke:none;stroke-width:0.366862"
         x="89.54261"
         y="77.199234">3 mm</tspan></text><text
       xml:space="preserve"
       style="font-size:3.02542px;fill:#ff0000;fill-opacity:1;stroke:none;stroke-width:0.366862;stroke-dasharray:0.733725, 0.366862;stroke-dashoffset:0;stroke-opacity:1"
       x="96.960533"
       y="86.771278"
       id="text10540-9-2-7"><tspan
         sodipodi:role="line"
         id="tspan10538-3-6-9"
         style="fill:#ff0000;fill-opacity:1;stroke:none;stroke-width:0.366862"
         x="96.960533"
         y="86.771278">16 mm</tspan></text><text
       xml:space="preserve"
       style="font-size:3.02542px;fill:#ff0000;fill-opacity:1;stroke:none;stroke-width:0.366862;stroke-dasharray:0.733725, 0.366862;stroke-dashoffset:0;stroke-opacity:1"
       x="109.25231"
       y="57.105122"
       id="text10540-9-2-7-7"><tspan
         sodipodi:role="line"
         id="tspan10538-3-6-9-5"
         style="fill:#ff0000;fill-opacity:1;stroke:none;stroke-width:0.366862"
         x="109.25231"
         y="57.105122">6 mm</tspan></text><text
       xml:space="preserve"
       style="font-size:3.02542px;fill:#ff0000;fill-opacity:1;stroke:none;stroke-width:0.366862;stroke-dasharray:0.733725, 0.366862;stroke-dashoffset:0;stroke-opacity:1"
       x="95.39917"
       y="44.583569"
       id="text10540-9-2-7-7-8"><tspan
         sodipodi:role="line"
         id="tspan10538-3-6-9-5-9"
         style="fill:#ff0000;fill-opacity:1;stroke:none;stroke-width:0.366862"
         x="95.39917"
         y="44.583569">7 mm</tspan></text><text
       xml:space="preserve"
       style="font-size:3.02542px;fill:#ff0000;fill-opacity:1;stroke:none;stroke-width:0.366862;stroke-dasharray:0.733725, 0.366862;stroke-dashoffset:0;stroke-opacity:1"
       x="80.912773"
       y="93.610497"
       id="text10540-9-2-7-7-8-1"><tspan
         sodipodi:role="line"
         id="tspan10538-3-6-9-5-9-2"
         style="fill:#ff0000;fill-opacity:1;stroke:none;stroke-width:0.366862"
         x="80.912773"
         y="93.610497">7 mm</tspan></text><circle
       style="fill:none;fill-opacity:1;stroke:#000000;stroke-width:0.385;stroke-dasharray:none;stroke-dashoffset:0;stroke-opacity:1"
       id="path13122-1"
       cx="87.626495"
       cy="76.292038"
       r="1.1524075" /><path
       style="fill:none;fill-opacity:1;stroke:#000000;stroke-width:0.385;stroke-dasharray:none;stroke-dashoffset:0;stroke-opacity:1"
       d="m 86.275251,77.386853 2.933893,-2.386375"
       id="path13124-8" /><path
       style="fill:#000000;fill-opacity:1;stroke:#000000;stroke-width:0.375;stroke-dasharray:0.75,0.375;stroke-dashoffset:0;stroke-opacity:1;marker-start:url(#Arrow1-6);marker-end:url(#Arrow1-6)"
       d="m 77.281157,85.474235 4.92856,-5.464826"
       id="path13054-6" /><path
       style="fill:#000000;fill-opacity:1;stroke:#000000;stroke-width:0.375;stroke-dasharray:0.75, 0.375;stroke-dashoffset:0;stroke-opacity:1;marker-start:url(#Arrow1-6-4);marker-end:url(#Arrow1-6-4)"
       d="m 152.35462,158.54159 4.92856,-5.46482"
       id="path13054-6-6" /><path
       style="fill:#000000;fill-opacity:1;stroke:#000000;stroke-width:0.422;stroke-dasharray:0.844,0.422;stroke-dashoffset:0;stroke-opacity:1;marker-start:url(#Arrow1-6-9);marker-end:url(#Arrow1-6-9)"
       d="m 100.70478,59.659586 9.49255,-10.525408"
       id="path13054-6-1" /><path
       style="fill:none;fill-opacity:1;stroke:#ff0000;stroke-width:0.385;stroke-dasharray:0.76999998, 0.38499999;stroke-dashoffset:0;stroke-opacity:1;marker-start:url(#Arrow1);marker-end:url(#Arrow1)"
       d="M 79.745437,82.741822 H 120.98542"
       id="path15623" /><text
       xml:space="preserve"
       style="font-size:3.02542px;fill:#ff0000;fill-opacity:1;stroke:none;stroke-width:0.366862;stroke-dasharray:0.733725, 0.366862;stroke-dashoffset:0;stroke-opacity:1"
       x="171.91866"
       y="160.15735"
       id="text10540-9-2-7-4"><tspan
         sodipodi:role="line"
         id="tspan10538-3-6-9-3"
         style="fill:#ff0000;fill-opacity:1;stroke:none;stroke-width:0.366862"
         x="171.91866"
         y="160.15735">16 mm</tspan></text><path
       style="fill:none;fill-opacity:1;stroke:#ff0000;stroke-width:0.385;stroke-dasharray:0.77, 0.385;stroke-dashoffset:0;stroke-opacity:1;marker-start:url(#Arrow1-7);marker-end:url(#Arrow1-7)"
       d="m 154.70355,156.12789 h 41.23999"
       id="path15623-0" /><path
       style="fill:none;fill-opacity:1;stroke:#ff0000;stroke-width:0.33;stroke-dasharray:0.66000284,0.33;stroke-dashoffset:0;stroke-opacity:1;marker-start:url(#Arrow1-2);marker-end:url(#Arrow1-2)"
       d="m 105.62654,53.936264 h 14.72647"
       id="path15623-3" /><path
       style="fill:none;fill-opacity:1;stroke:#ff0000;stroke-width:0.348059;stroke-dasharray:0.696121, 0.348059;stroke-dashoffset:0;stroke-opacity:1;marker-start:url(#Arrow1-2-9);marker-end:url(#Arrow1-2-9)"
       d="M 105.56556,53.376781 V 36.994416"
       id="path15623-3-2" /><path
       style="fill:none;fill-opacity:1;stroke:#ff0000;stroke-width:0.348059;stroke-dasharray:0.696121, 0.348059;stroke-dashoffset:0;stroke-opacity:1;marker-start:url(#Arrow1-2-9-7);marker-end:url(#Arrow1-2-9-7)"
       d="M 79.874,99.756296 V 83.373932"
       id="path15623-3-2-6" /><text
       xml:space="preserve"
       style="font-size:3.02542px;fill:#ff0000;fill-opacity:1;stroke:none;stroke-width:0.366862;stroke-dasharray:0.733725, 0.366862;stroke-dashoffset:0;stroke-opacity:1"
       x="181.81691"
       y="195.70041"
       id="text10540-9-2-7-7-8-1-2"><tspan
         sodipodi:role="line"
         id="tspan10538-3-6-9-5-9-2-5"
         style="fill:#ff0000;fill-opacity:1;stroke:none;stroke-width:0.366862"
         x="181.81691"
         y="195.70041">7 mm</tspan></text><path
       style="fill:none;fill-opacity:1;stroke:#ff0000;stroke-width:0.348059;stroke-dasharray:0.696121, 0.348059;stroke-dashoffset:0;stroke-opacity:1;marker-start:url(#Arrow1-2-9-7-4);marker-end:url(#Arrow1-2-9-7-4)"
       d="M 180.77813,201.84621 V 185.46384"
       id="path15623-3-2-6-4" /><text
       xml:space="preserve"
       style="font-size:3.02542px;fill:#000000;fill-opacity:1;stroke:none;stroke-width:0.366862;stroke-dasharray:0.733725, 0.366862;stroke-dashoffset:0;stroke-opacity:1"
       x="92.699455"
       y="63.848156"
       id="text10540-9-2-4"><tspan
         sodipodi:role="line"
         id="tspan10538-3-6-5"
         style="fill:#000000;fill-opacity:1;stroke:none;stroke-width:0.366862"
         x="92.699455"
         y="63.848156">6 mm</tspan></text><circle
       style="fill:none;fill-opacity:1;stroke:#000000;stroke-width:0.385;stroke-dasharray:none;stroke-dashoffset:0;stroke-opacity:1"
       id="path13122-1-0"
       cx="90.78334"
       cy="62.94096"
       r="1.1524075" /><path
       style="fill:none;fill-opacity:1;stroke:#000000;stroke-width:0.385;stroke-dasharray:none;stroke-dashoffset:0;stroke-opacity:1"
       d="m 89.432093,64.035774 2.933893,-2.386375"
       id="path13124-8-3" /><path
       style="fill:#000000;fill-opacity:1;stroke:#000000;stroke-width:0.385;stroke-dasharray:0.770001, 0.385;stroke-dashoffset:0;stroke-opacity:1;marker-start:url(#Arrow1-61);marker-end:url(#Arrow1-61)"
       d="m 116.39909,174.14637 6.88959,-7.63923"
       id="path13054-3" /><text
       xml:space="preserve"
       style="font-size:3.02542px;fill:#000000;fill-opacity:1;stroke:none;stroke-width:0.366862;stroke-dasharray:0.733725, 0.366862;stroke-dashoffset:0;stroke-opacity:1"
       x="131.15959"
       y="164.16827"
       id="text10540-9-20"><tspan
         sodipodi:role="line"
         id="tspan10538-3-61"
         style="fill:#000000;fill-opacity:1;stroke:none;stroke-width:0.366862"
         x="131.15959"
         y="164.16827">4 mm</tspan></text><circle
       style="fill:none;fill-opacity:1;stroke:#000000;stroke-width:0.385;stroke-dasharray:none;stroke-dashoffset:0;stroke-opacity:1"
       id="path13122-5"
       cx="129.24347"
       cy="163.26106"
       r="1.1524075" /><path
       style="fill:none;fill-opacity:1;stroke:#000000;stroke-width:0.385;stroke-dasharray:none;stroke-dashoffset:0;stroke-opacity:1"
       d="m 127.89223,164.35589 2.9339,-2.38638"
       id="path13124-5" /><text
       xml:space="preserve"
       style="font-size:3.02542px;fill:#000000;fill-opacity:1;stroke:none;stroke-width:0.366862;stroke-dasharray:0.733725, 0.366862;stroke-dashoffset:0;stroke-opacity:1"
       x="162.18419"
       y="152.57217"
       id="text10540-9-2-5"><tspan
         sodipodi:role="line"
         id="tspan10538-3-6-6"
         style="fill:#000000;fill-opacity:1;stroke:none;stroke-width:0.366862"
         x="162.18419"
         y="152.57217">3 mm</tspan></text><circle
       style="fill:none;fill-opacity:1;stroke:#000000;stroke-width:0.385;stroke-dasharray:none;stroke-dashoffset:0;stroke-opacity:1"
       id="path13122-1-9"
       cx="160.26808"
       cy="151.66498"
       r="1.1524075" /><path
       style="fill:none;fill-opacity:1;stroke:#000000;stroke-width:0.385;stroke-dasharray:none;stroke-dashoffset:0;stroke-opacity:1"
       d="m 158.91683,152.75981 2.93389,-2.38638"
       id="path13124-8-37" /><text
       xml:space="preserve"
       style="font-size:3.02542px;fill:#ff0000;fill-opacity:1;stroke:none;stroke-width:0.366862;stroke-dasharray:0.733725, 0.366862;stroke-dashoffset:0;stroke-opacity:1"
       x="184.75247"
       y="188.01866"
       id="text10540-9-2-7-7-6"><tspan
         sodipodi:role="line"
         id="tspan10538-3-6-9-5-8"
         style="fill:#ff0000;fill-opacity:1;stroke:none;stroke-width:0.366862"
         x="184.75247"
         y="188.01866">6 mm</tspan></text><path
       style="fill:none;fill-opacity:1;stroke:#ff0000;stroke-width:0.33;stroke-dasharray:0.660003, 0.33;stroke-dashoffset:0;stroke-opacity:1;marker-start:url(#Arrow1-2-7);marker-end:url(#Arrow1-2-7)"
       d="m 181.1267,184.8498 h 14.72647"
       id="path15623-3-8" /><text
       xml:space="preserve"
       style="font-size:3.02542px;fill:#ff0000;fill-opacity:1;stroke:none;stroke-width:0.366862;stroke-dasharray:0.733725, 0.366862;stroke-dashoffset:0;stroke-opacity:1"
       x="156.11118"
       y="148.80479"
       id="text10540-9-2-7-7-8-1-4"><tspan
         sodipodi:role="line"
         id="tspan10538-3-6-9-5-9-2-9"
         style="fill:#ff0000;fill-opacity:1;stroke:none;stroke-width:0.366862"
         x="156.11118"
         y="148.80479">7 mm</tspan></text><text
       xml:space="preserve"
       style="font-size:3.02542px;fill:#ff0000;fill-opacity:1;stroke:none;stroke-width:0.366862;stroke-dasharray:0.733725, 0.366862;stroke-dashoffset:0;stroke-opacity:1"
       x="126.24154"
       y="170.84538"
       id="text10540-9-2-7-7-8-1-4-9"><tspan
         sodipodi:role="line"
         id="tspan10538-3-6-9-5-9-2-9-2"
         style="fill:#ff0000;fill-opacity:1;stroke:none;stroke-width:0.366862"
         x="126.24154"
         y="170.84538">7 mm</tspan></text><path
       style="fill:none;fill-opacity:1;stroke:#ff0000;stroke-width:0.348059;stroke-dasharray:0.696121, 0.348059;stroke-dashoffset:0;stroke-opacity:1;marker-start:url(#Arrow1-2-9-7-43);marker-end:url(#Arrow1-2-9-7-43)"
       d="M 155.07241,154.9506 V 138.56823"
       id="path15623-3-2-6-2" /><path
       style="fill:none;fill-opacity:1;stroke:#ff0000;stroke-width:0.355596;stroke-dasharray:0.711195, 0.355596;stroke-dashoffset:0;stroke-opacity:1;marker-start:url(#Arrow1-2-9-7-43-0);marker-end:url(#Arrow1-2-9-7-43-0)"
       d="M 124.51488,178.55326 V 161.45368"
       id="path15623-3-2-6-2-8" /><path
       style="fill:#0adfff;fill-opacity:1;stroke:#000000;stroke-width:0.392;stroke-dasharray:0.783998, 0.392;stroke-dashoffset:0;stroke-opacity:1;marker-start:url(#Arrow1-9-6);marker-end:url(#Arrow1-9-6)"
       d="M 271.53915,65.149551 V 84.225032"
       id="path9497-2-4" /><path
       style="fill:#0adfff;fill-opacity:1;stroke:#000000;stroke-width:0.385;stroke-dasharray:0.77, 0.385;stroke-dashoffset:0;stroke-opacity:1;marker-start:url(#Arrow1-0);marker-end:url(#Arrow1-0)"
       d="m 191.0675,90.074926 h 76.53654"
       id="path9497-7" /><text
       xml:space="preserve"
       style="font-size:3.175px;fill:#000000;fill-opacity:1;stroke:none;stroke-width:0.385;stroke-dasharray:0.770001, 0.385;stroke-dashoffset:0;stroke-opacity:1"
       x="219.42758"
       y="88.041656"
       id="text10540-1"><tspan
         sodipodi:role="line"
         id="tspan10538-7"
         style="fill:#000000;fill-opacity:1;stroke:none;stroke-width:0.385"
         x="219.42758"
         y="88.041656">29,5 mm</tspan></text></g></svg>
